Rank	 Temple	 Points	 Change	 MahaBig Books	 Big Books	 Medium Books	 Small Books	 Mags	 BTG Subs	 Sets	 Latitude	 Longitude	Year
1	Mayapur 	1410295.1	116	557660	148215	122943	287942	33053	5262	15122	23.4232013	88.388264	1/1/2014
2	New Delhi 	1370123	33	616846	14937	36372	331366	204665	0	696	28.6139391	77.2090212	1/1/2014
3	Mumbai-Juhu 	598874.25	-8	271743	11347	32459	111247	0	0	1362	19.098821	72.8320717	1/1/2014
4	New Delhi	544970.25	54	250673	5792	4392	93483	65921	2986	573	28.6139391	77.2090212	1/1/2014
5	Pune 	408070.55	53	191676	3077	3233	58029	27595	1432	47	18.5204303	73.8567437	1/1/2014
6	Mumbai-ChowpattWeb	346978.25	-14	153588	6178	6259	117931	5959	219	239	19.0759837	72.8776559	1/1/2014
7	Tirupati 	225670.35	-2	73754	8766	7141	162817	144949	5593	0	13.6287557	79.4191795	1/1/2014
8	Los Angeles 	222054.6	30	74468	29855	46191	56634	13456	1060	100	34.0522342	-118.2436849	1/1/2014
9	Ahmedabad 	179447.75	-6	86885	0	2975	11185	4250	510	163	23.022505	72.5713621	1/1/2014
10	Moscow 	167881	-45	60421	21875	26133	48390	0	0	0	55.755826	37.6173	1/1/2014
11	Surat 	158051.2	20	60141	3346	2165	51284	50556	8139	283	21.1702401	72.8310607	1/1/2014
12	Vrindavan 	138745.75	-49	9852	50370	35527	203633	0	0	286	27.5650088	77.6593394	1/1/2014
13	Moscow-Jagannat	133912.75	0	59905	7432	6800	13083	0	0	0	55.755826	37.6173	1/1/2014
14	Chennai 	112625.1	132	48487	5334	6914	25098	5856	0	38	13.0826802	80.2707184	1/1/2014
15	Sankirtan Dham	108543	85	42992	3854	37410	0	0	0	0	null	null	1/1/2014
16	Bhaktivedanta MWeb	100779.25	67	38521	1849	38348	10857	0	0	82	null	null	1/1/2014
17	Krasnodar 	95453.75	-11	22901	21731	28153	55377	0	0	0	45.0392674	38.987221	1/1/2014
18	VV Nagar 	90559.95	52	22127	1771	2647	19643	93333	15246	124	22.5512626	72.925386	1/1/2014
19	Chandigarh 	90496.25	15	41662	3914	3261	4891	1200	150	0	30.7333148	76.7794179	1/1/2014
20	Salem 	87592.05	-3	37374	4362	241	14405	13954	1771	410	42.51954	-70.8967155	1/1/2014
21	RupanugaVedicCoWeb	87330.8	-7	33105	14333	3533	9518	26418	0	0	null	null	1/1/2014
22	Silicon Valley	84750.75	2	41295	570	0	6363	0	0	594	37.387474	-122.0575434	1/1/2014
23	Simhacalam 	56933.5	0	17307	14517	15605	0	0	0	0	17.7741624	83.2318634	1/1/2014
24	St. Petersburg Web	55669.5	-18	16285	12423	12982	16742	0	0	0	27.7518284	-82.6267345	1/1/2014
25	London-Soho 	49565.75	54	16180	2185	18079	23925	0	0	36	51.5136143	-0.1365486	1/1/2014
26	Centro Goura Ni	45436	63	530	33983	17286	7000	0	0	0	42.3352778	44.7627778	1/1/2014
27	Denver 	43850.05	29	18798	2545	2265	9181	2813	0	182	39.7392358	-104.990251	1/1/2014
28	Coimbatore 	43008.5	18	16204	3804	444	17498	13280	380	0	11.0168445	76.9558321	1/1/2014
29	Kolkata 	42064.05	-34	20230	501	650	3059	133	0	0	22.572646	88.363895	1/1/2014
30	Cueramaro 	41574.75	-4	2817	9673	5053	94965	0	0	0	20.6258385	-101.6717765	1/1/2014
31	Nizhny Novgorod	41024.25	0	15292	7932	4392	1249	0	0	0	56.2965039	43.9360589	1/1/2014
32	Sydney-North 	40463.1	0	17326	2569	4750	3412	141	0	32	-33.8674869	151.2069902	1/1/2014
33	Nairobi 	40390.25	17	8524	5848	6907	55957	515	0	8	-1.2920659	36.8219462	1/1/2014
34	Omsk 	40265	96	14598	5126	5072	13628	0	0	0	54.9884804	73.3242362	1/1/2014
35	Toronto 	37200.9	9	10198	5179	9905	22604	1336	202	111	43.653226	-79.3831843	1/1/2014
36	Ujjain 	36884.25	0	11339	5794	8798	15783	200	25	112	23.1793013	75.7849097	1/1/2014
37	Baroda 	36601.3	98	14685	5	2892	2766	11982	1799	149	22.3071588	73.1812187	1/1/2014
38	Habarovsk 	36300.5	-2	12106	6551	5782	10586	0	0	0	48.5027313	135.0662599	1/1/2014
39	Irkutsk 	34754.75	324	8059	8865	11529	16029	0	0	0	52.2869741	104.3050183	1/1/2014
40	Gainesville 	31236.8	0	9123	6546	8811	8106	128	0	22	29.6516344	-82.3248262	1/1/2014
41	Mexico City 	30537.5	-12	2273	6185	3110	73006	0	0	0	19.4326077	-99.133208	1/1/2014
42	Madurai 	29749.2	-25	11992	219	140	12628	23192	0	0	9.9252007	78.1197754	1/1/2014
43	Chicago 	29123.6	20	9247	5589	2059	15636	1021	0	0	41.8781136	-87.6297982	1/1/2014
44	Bali 	28390.5	13	11570	1031	2783	8354	7395	0	0	-8.4095178	115.188916	1/1/2014
45	Kiev 	28024	-22	8342	2749	10897	12570	0	0	0	50.4501	30.5234	1/1/2014
46	Santiago 	27708.75	38	2087	65	26068	41743	0	0	0	42.8782132	-8.5448445	1/1/2014
47	Perm 	27306.2	-2	9372	1063	9716	10550	37	0	0	58.0296813	56.2667916	1/1/2014
48	Curitiba 	26874.8	62	2309	13247	3015	30000	23	0	0	-25.4289541	-49.267137	1/1/2014
49	Kazan 	26861.25	19	5677	6131	11312	14881	0	0	0	55.8304307	49.0660806	1/1/2014
50	Minsk 	26667	-9	7735	6312	4666	10208	0	0	0	53.9045398	27.5615244	1/1/2014
51	Nellore 	26030	0	7791	2739	2027	26782	0	0	0	14.4425987	79.986456	1/1/2014
52	Swansea 	25289.5	0	6172	3383	19094	58	10	0	2	51.62144	-3.943646	1/1/2014
53	Durban 	23967.8	15	6320	746	2190	36758	2973	0	49	-29.8586804	31.0218404	1/1/2014
54	Baltimore 	23668.1	283	6966	512	1092	29882	12076	0	25	39.2903848	-76.6121893	1/1/2014
55	Barnaul 	23452	103	4590	8174	7264	9864	0	0	0	53.3547792	83.7697832	1/1/2014
56	Prabhupada Bhav	22267	101	9179	3809	70	260	0	0	0	null	null	1/1/2014
57	Auckland Loft 	20689.6	-8	3307	10799	784	8318	8051	0	9	-36.7777439	174.5540158	1/1/2014
58	Moscow-Bhaktive	20601	0	3126	9589	4419	10202	0	0	0	55.755826	37.6173	1/1/2014
59	Krasnoyarsk 	20347.5	38	4293	5226	6068	14006	0	0	0	56.0152834	92.8932476	1/1/2014
60	Dallas 	19998.45	148	8469	1034	1561	3979	884	37	32	32.7766642	-96.7969879	1/1/2014
61	New Jersey-Edis	19848.5	681	9888	20	0	210	0	0	119	40.0583238	-74.4056612	1/1/2014
62	Laguna Beach 	19821.8	9	8784	278	355	5638	3844	1	66	33.5422475	-117.7831104	1/1/2014
63	New Vrajadham-H	19817.5	2	3942	4282	7482	11080	11405	0	0	null	null	1/1/2014
64	New Ekacakra	19340	0	2711	12928	0	3960	0	0	0	null	null	1/1/2014
65	Budapest 	19196.1	26	5100	3135	5364	9338	8446	0	0	47.497912	19.040235	1/1/2014
66	Seattle 	18621.75	0	8246	663	212	363	1700	250	14	47.6062095	-122.3320708	1/1/2014
67	Tirunelveli 	18426	-2	7565	85	47	7250	13750	0	0	8.7139126	77.7566523	1/1/2014
68	Sochi 	17996.25	11	4280	3956	6665	8591	0	0	0	43.6028079	39.7341543	1/1/2014
69	Berlin 	17877.5	7	5726	2848	7150	0	25	0	0	52.5200066	13.404954	1/1/2014
70	Phoenix	17704.6	-18	2023	474	500	51668	176	0	0	33.4483771	-112.0740373	1/1/2014
71	San Diego 	17516.5	-44	3604	7515	3374	4426	0	0	8	32.715738	-117.1610838	1/1/2014
72	Novosibirsk 	17506.5	-27	4796	4065	3631	8136	0	0	0	55.0083526	82.9357327	1/1/2014
73	Novorosiysk 	17280	-24	6095	2221	3237	5002	0	0	0	44.7154014	37.7619669	1/1/2014
74	Trivandrum 	15780.75	-25	6349	421	619	3509	3710	535	0	8.5241391	76.9366376	1/1/2014
75	New Talavan 	15667.5	51	6683	313	3057	1840	0	0	0	null	null	1/1/2014
76	Kuala Lumpur 	14647.9	0	3980	2212	2248	13046	904	0	77	3.139003	101.686855	1/1/2014
77	Sofia 	14455.5	70	4059	984	7810	5794	0	0	0	42.6977082	23.3218675	1/1/2014
78	Almaty 	13750.25	-13	4003	1495	2288	12391	75	0	0	43.2220146	76.8512485	1/1/2014
79	Dnepropetrovsk	13352.75	-3	5361	817	1337	4581	0	0	0	48.464717	35.046183	1/1/2014
80	Atlanta 	12972.95	-5	4265	2934	1415	2927	697	0	3	33.7489954	-84.3879824	1/1/2014
81	Kursk 	12690.75	97	3663	2766	3478	3439	0	0	0	51.7091957	36.1562241	1/1/2014
82	Milan 	12483.7	10	1980	0	17032	0	77	0	5	45.4654219	9.1859243	1/1/2014
83	Ekaterinburg 	12186.35	-5	3701	1802	1235	9425	86	0	0	56.8389261	60.6057025	1/1/2014
84	Washington D.C.Web	12145.05	-47	3112	1282	3168	12053	418	0	99	48.5328996	-123.0153845	1/1/2014
85	New Vrajadham-B	11961.25	28	353	6296	2647	14543	0	0	0	null	null	1/1/2014
86	Melbourne 	11370.55	-15	4917	549	420	2659	1128	0	0	28.0836269	-80.6081089	1/1/2014
87	Tyumen 	11266.75	166	3637	1114	4318	2879	0	0	0	57.1612975	65.5250172	1/1/2014
88	Ivanovo 	11205	90	2790	2057	3846	6580	0	0	0	57.0050671	40.9766453	1/1/2014
89	Kathmandu 	11074.25	0	4750	485	906	2545	0	0	0	27.7172453	85.3239605	1/1/2014
90	Rostov-na-Donu	11031.5	-9	2431	2986	3211	6312	0	0	0	47.2357137	39.701505	1/1/2014
91	Alachua 	10659.3	-4	1614	316	4783	16136	6854	1	19	29.7938144	-82.4944226	1/1/2014
92	Buenos Aires 	10561.75	-44	765	904	0	32511	0	0	0	-34.6036844	-58.3815591	1/1/2014
93	Kaunas 	10482	-18	2542	2033	536	12388	0	0	0	54.8985207	23.9035965	1/1/2014
94	Kanyakumari 	10453.5	-60	4003	1365	189	896	5892	92	8	8.0883064	77.5384507	1/1/2014
95	Govindadvipa 	10226.5	23	4115	0	3807	372	0	0	0	null	null	1/1/2014
96	TBB TSKP 	10196	-53	1944	624	7971	6794	0	0	0	null	null	1/1/2014
97	Kharkov 	10029.5	44	2489	208	2272	14830	0	0	0	49.9935	36.230383	1/1/2014
98	Heidelberg 	9878.6	42	3304	2114	2308	0	26	0	0	49.3987524	8.6724335	1/1/2014
99	Prabhupada Desh	9695.8	-30	3859	0	3140	0	1760	122	0	null	null	1/1/2014
100	Hillsborough	9617.75	53	3040	460	1086	9169	1677	17	49	36.0754183	-79.0997347	1/1/2014
101	Bhopal 	9430	-49	3876	270	373	4886	0	0	86	23.2599333	77.412615	1/1/2014
102	Prague 	9387.45	-6	2528	3262	3	3827	1112	0	0	50.0755381	14.4378005	1/1/2014
103	Vladivostok 	9239.5	-13	2329	2149	2898	3934	0	0	0	43.1737387	132.0064506	1/1/2014
104	Yaroslavl 	9177.75	4	2661	1113	2282	6407	0	0	0	57.6260744	39.8844708	1/1/2014
105	Wellington 	8636.15	12	1371	4677	304	3555	1764	0	13	-41.2864603	174.776236	1/1/2014
106	Recife 	8446.7	0	282	2554	995	19164	402	0	0	-8.0578381	-34.8828969	1/1/2014
107	Rome 	8272.5	49	709	0	13709	0	0	0	0	41.9027835	12.4963655	1/1/2014
108	Odessa 	8216.75	-11	3329	160	1204	3187	0	0	0	46.482526	30.7233095	1/1/2014
109	Accra 	8210.95	144	1103	1706	1037	15113	22	0	0	5.6037168	-0.1869644	1/1/2014
110	Volgograd 	8179.25	0	1556	1801	3876	5313	0	0	0	48.708048	44.5133034	1/1/2014
111	Izevsk 	7374.5	66	1898	708	2705	5592	1200	0	0	56.8618601	53.2324285	1/1/2014
112	Chittagong-Prab	7318.9	-62	2094	655	643	7086	2822	53	0	22.3475365	91.8123324	1/1/2014
113	Miami 	7268	65	1735	492	375	6542	14654	4	2	25.7616798	-80.1917902	1/1/2014
114	Herson 	7058.75	0	2986	215	1099	1289	0	0	0	46.635417	32.616867	1/1/2014
115	New York Harina	7012	0	1858	1160	956	6632	0	0	0	40.7127837	-74.0059413	1/1/2014
116	Villa Vrndavana	6708.8	-11	1484	0	7424	0	269	1	0	27.4966225	77.6920312	1/1/2014
117	Berkeley 	6607.85	109	1185	1805	2936	3669	476	0	0	37.8715926	-122.272747	1/1/2014
118	World Harinama	6418.95	0	1124	1103	1554	9133	77	0	1	null	null	1/1/2014
119	Vilnius 	6301.25	-1	1202	856	1427	9311	0	0	0	54.6871555	25.2796514	1/1/2014
120	Bhaktiloka 	6260.75	-12	743	3626	0	4595	0	0	0	3.589085	98.680571	1/1/2014
121	Sao Paulo 	6179	181	511	3226	808	6108	0	0	0	-23.5505199	-46.6333094	1/1/2014
122	Rovno 	6170.5	142	2265	393	901	3188	0	0	0	50.6199	26.251617	1/1/2014
123	Chelyabinsk 	6135.85	-65	1324	542	1524	8475	651	0	0	55.1644419	61.4368431	1/1/2014
124	Kanpur 	6000	0	3000	0	0	0	0	0	0	26.449923	80.3318736	1/1/2014
125	Philadelphia 	5787.4	-56	2135	80	538	3190	2389	30	15	39.9525839	-75.1652215	1/1/2014
126	Batticaloa 	5764.75	0	2467	617	107	501	350	0	18	7.7309971	81.6747295	1/1/2014
127	Naperville 	5730.7	197	2363	290	628	1338	442	5	59	41.7508391	-88.1535352	1/1/2014
128	Kishinev 	5619.25	6	1808	775	1353	2207	0	0	0	47.0104529	28.8638103	1/1/2014
129	Ufa 	5614.25	0	1373	552	2386	4493	0	0	0	54.7387621	55.9720554	1/1/2014
130	Tomsk 	5589	44	1308	1641	1606	2116	0	0	0	56.5010397	84.9924506	1/1/2014
131	New Orleans 	5436	-40	2	0	4787	12154	0	0	0	29.9510658	-90.0715323	1/1/2014
132	Brahmapur 	5399.75	-59	1884	889	429	1873	600	0	0	19.3149618	84.7940911	1/1/2014
133	Malaysia BBT MO	5146.35	0	1534	288	174	6769	111	0	11	4.210484	101.975766	1/1/2014
134	Mar Del Plata 	4809.65	0	250	397	2586	10099	949	0	0	-38.0054771	-57.5426106	1/1/2014
135	Simferopol 	4313	-18	1258	930	978	1512	0	0	0	44.952117	34.102417	1/1/2014
136	Vrajabhumi 	4295.75	-57	53	1752	472	8807	0	0	0	null	null	1/1/2014
137	Vancouver 	4177.85	9	1323	237	1527	701	569	68	1	45.6387281	-122.6614861	1/1/2014
138	Kisumu 	4068	-12	1492	438	306	1900	123	3	0	-0.0917016	34.7679568	1/1/2014
139	Lima 	4018	999	111	8	664	13824	0	0	0	-12.046374	-77.0427934	1/1/2014
140	Towaco	3817.5	-7	1765	0	0	1150	0	0	15	40.9232019	-74.3439578	1/1/2014
141	Montevideo 	3755.4	-32	22	15	426	13900	84	0	0	-34.9011127	-56.1645314	1/1/2014
142	Brisbane 	3735.2	-67	624	534	2662	1228	3152	0	9	-27.4710107	153.0234489	1/1/2014
143	Spain BBT 	3678.5	0	708	599	464	5726	0	0	0	null	null	1/1/2014
144	Ljubljana 	3578	-9	353	590	2755	3618	0	0	0	46.0569465	14.5057515	1/1/2014
145	Kirov 	3471.5	77	1084	86	2265	340	0	0	0	58.6035321	49.6667983	1/1/2014
146	Malaysia TSKP 	3468.95	0	764	213	269	6291	207	0	7	4.210484	101.975766	1/1/2014
147	Secunderabad 	3418.5	0	1675	46	21	48	0	0	41	17.4399295	78.4982741	1/1/2014
148	New York Queens	3398.7	310	1277	119	176	2338	532	0	0	40.7282239	-73.7948516	1/1/2014
149	Madrid 	3284.75	-18	349	1389	356	4079	0	0	0	40.4167754	-3.7037902	1/1/2014
150	Lagos 	3188.75	0	508	778	742	3887	520	0	1	6.5243793	3.3792057	1/1/2014
151	Kovrov 	3141	197	403	415	1898	3864	50	0	0	56.356769	41.3226311	1/1/2014
152	Vorkuta 	3114.5	144	739	827	979	1280	0	0	0	67.4968967	64.0602175	1/1/2014
153	Montreal TSKP 	2969	0	900	364	512	2126	175	0	0	45.5016889	-73.567256	1/1/2014
154	Copenhagen 	2948	0	989	363	0	2428	0	0	0	55.6760968	12.5683371	1/1/2014
155	Karaganda 	2805.25	0	1234	148	131	495	0	0	0	49.8046835	73.1093826	1/1/2014
156	Monterrey 	2804.75	-54	46	40	219	10253	0	0	0	25.6866142	-100.3161126	1/1/2014
157	Sarajevo 	2767	-54	1091	338	303	382	0	0	0	43.8562586	18.4130763	1/1/2014
158	Lenasia 	2653.15	-22	549	173	533	3797	1664	0	15	-26.3335179	27.8663075	1/1/2014
159	Munich 	2633	-30	794	770	550	0	0	0	0	48.1351253	11.5819806	1/1/2014
160	Franco da Rocha	2607.75	-44	118	493	334	6847	0	0	0	-23.3233727	-46.7294577	1/1/2014
161	Guadalajara 	2605.5	-33	109	139	412	8170	0	0	0	20.6596988	-103.3496092	1/1/2014
162	Houston 	2514.9	22	441	962	710	1218	114	0	27	29.7604267	-95.3698028	1/1/2014
163	Rio de Janeiro	2399.5	-2	92	1126	99	4160	0	0	0	-22.9068467	-43.1728965	1/1/2014
164	Astana 	2388.25	0	486	109	243	933	2286	381	0	51.1605227	71.4703558	1/1/2014
165	Belo Horizonte Web	2336	-26	116	316	720	5712	0	0	0	-19.9052969	-43.9635593	1/1/2014
166	New Govardhana	2310.75	-10	556	398	1171	861	0	0	0	28.5490104	77.2515992	1/1/2014
167	Severodvinsk 	2298.75	-26	580	517	834	819	0	0	0	64.5661757	39.8505981	1/1/2014
168	Skudai 	2151.1	0	648	316	310	1414	306	0	2	1.537909	103.6622279	1/1/2014
169	Zurich 	2128.25	52	400	777	936	333	0	0	5	47.3686498	8.5391825	1/1/2014
170	Itajai 	2066.6	-54	163	361	394	4730	1	0	0	-26.9105964	-48.6709514	1/1/2014
171	Arusha 	2042.75	-54	192	1158	0	2003	0	0	0	-3.372301	36.6944136	1/1/2014
172	Zaporozhye 	2028	0	429	358	897	1454	0	0	0	47.8388	35.139567	1/1/2014
173	Tokyo 	1887	0	782	323	0	0	0	0	0	35.6894875	139.6917064	1/1/2014
174	Florianopolis 	1819	299	7	1167	0	2552	0	0	0	-27.5953778	-48.5480499	1/1/2014
175	Seremban 	1814.65	0	463	552	136	959	289	0	0	2.725889	101.9378239	1/1/2014
176	Naval Kunda 	1699.5	0	370	913	11	164	0	0	0	null	null	1/1/2014
177	Genova 	1666	0	773	0	240	0	0	0	0	44.4056499	8.946256	1/1/2014
178	Sandton 	1647.25	0	429	0	329	2499	0	0	10	-26.1075663	28.0567007	1/1/2014
179	Zagreb 	1563	0	69	231	1692	1392	0	0	0	45.8150108	15.981919	1/1/2014
180	Columbus 	1521.3	-58	466	224	498	456	23	0	2	39.9611755	-82.9987942	1/1/2014
181	Sarapul 	1519	0	3	80	1342	3048	0	0	0	56.4539288	53.7742185	1/1/2014
182	Bangkok 	1498	0	464	300	40	0	2500	0	0	13.7563309	100.5017651	1/1/2014
183	Kinshasa 	1479.5	-31	355	384	355	832	0	0	0	-4.4419311	15.2662931	1/1/2014
184	Vologda 	1445	-5	187	608	261	1330	0	0	0	59.2180665	39.8978052	1/1/2014
185	Krishna Culture	1413.3	-13	519	98	414	138	358	0	7	36.66325	-4.507273	1/1/2014
186	St. Louis 	1337.5	0	384	265	410	386	30	0	1	38.6270025	-90.1994042	1/1/2014
187	Bologna 	1308.5	-11	521	0	533	0	0	0	0	44.494887	11.3426163	1/1/2014
188	Bukit-Mertajam	1268.5	0	272	46	30	2654	0	0	12	5.365458	100.4590091	1/1/2014
189	Radhadesh 	1236.5	0	9	1001	94	682	0	0	0	null	null	1/1/2014
190	Donetsk 	1230.25	-78	325	150	92	1537	0	0	0	48.015883	37.80285	1/1/2014
191	Calgary 	1221.25	0	106	335	234	229	600	100	12	51.0486151	-114.0708459	1/1/2014
192	Perth 	1219.1	-70	245	36	911	744	516	0	2	-31.9535132	115.8570471	1/1/2014
193	Campina Grande	1218.8	0	18	240	266	3228	28	0	0	-7.2223667	-35.8734667	1/1/2014
194	Porto 	1211.75	0	62	189	226	3137	15	0	0	41.1579438	-8.6291053	1/1/2014
195	Cape Town 	1169.5	60	148	42	11	3280	60	0	0	-33.9248685	18.4240553	1/1/2014
196	Midrand 	1140	0	231	38	262	2036	0	0	8	-25.9991795	28.1262927	1/1/2014
197	Cintamani Dhama	1126.25	-35	269	422	223	219	0	0	6	null	null	1/1/2014
198	Thailand TSKP 	1120	0	0	0	0	0	11200	0	0	null	null	1/1/2014
199	Gaborone 	1119.25	-26	235	69	166	877	690	110	0	-24.6282079	25.9231471	1/1/2014
200	Dublin 	1118.5	0	419	0	42	1038	0	0	0	53.3498053	-6.2603097	1/1/2014
201	Portugal BBT 	1093	0	44	150	328	2764	0	0	0	null	null	1/1/2014
202	Cologne	1086	-39	302	210	544	0	0	0	0	50.937531	6.9602786	1/1/2014
203	Jeleznogorsk 	1051.55	60	285	245	207	517	38	0	0	52.3332892	35.3669551	1/1/2014
204	Lutsk 	1028.75	153	307	78	96	1155	0	0	0	50.747233	25.325383	1/1/2014
205	Bon Accueil 	1026	-77	115	96	128	2544	0	0	0	47.6239247	-1.8319403	1/1/2014
206	Magnitogorsk 	908.5	-47	291	117	69	700	0	0	0	53.4129429	59.0016233	1/1/2014
207	Bandar Putra 	904	-11	432	0	0	160	0	0	4	1.650487	103.627669	1/1/2014
208	Tiraspol 	879.5	-35	351	14	96	462	0	0	0	46.848185	29.596805	1/1/2014
209	Rybinsk 	852.5	40	188	298	93	528	0	0	0	58.057486	38.8116968	1/1/2014
210	Minneapolis 	839	0	264	57	83	850	0	0	4	44.977753	-93.2650108	1/1/2014
211	Salvador 	838.8	0	175	31	49	1678	138	0	0	13.794185	-88.89653	1/1/2014
212	Klang 	827	0	240	20	0	1308	0	0	0	3.044917	101.4455621	1/1/2014
213	German Congrega	782	-48	168	274	344	0	0	0	0	null	null	1/1/2014
214	Cherepovets 	774.5	35	270	122	165	120	0	0	0	59.132333	37.9091811	1/1/2014
215	Ariel 	750	0	0	0	1500	0	0	0	0	45.9567789	-122.5709345	1/1/2014
216	Chosica 	748.5	0	48	0	102	2406	0	0	0	-11.9244445	-76.6990172	1/1/2014
217	Mombasa 	741.3	68	288	59	95	180	138	0	1	-4.0434771	39.6682065	1/1/2014
218	Gelugor 	718.5	0	244	23	57	716	0	0	0	5.369118	100.3096991	1/1/2014
219	Mpumalanga 	691.75	277	13	44	75	2337	0	0	1	-29.8039699	30.6314948	1/1/2014
220	Lome 	668	71	9	211	714	328	0	0	0	6.1724969	1.2313618	1/1/2014
221	Sarov 	651.55	-73	215	147	86	83	108	0	0	54.9342792	43.3252503	1/1/2014
222	Hale Krishna Ha	613.7	84	99	182	288	262	242	0	1	null	null	1/1/2014
223	Cusco 	608.75	0	300	0	0	35	0	0	0	-13.53195	-71.9674626	1/1/2014
224	Pietermaritzbur	563.85	0	103	11	3	1381	1	0	0	-29.6006068	30.3794118	1/1/2014
225	Shui 	556.75	0	23	30	535	853	0	0	0	30.4811851	120.1871399	1/1/2014
226	Porto Alegre 	541.75	-75	13	50	158	1547	0	0	0	-30.0346471	-51.2176584	1/1/2014
227	Santo Domingo 	539.75	95	77	94	5	1157	0	0	0	18.4860575	-69.9312117	1/1/2014
228	Gaura Vrndavana	505.25	0	25	127	133	1047	0	0	0	27.5759477	77.7008509	1/1/2014
229	Blantyre 	497.75	-37	62	147	0	907	0	0	0	-15.7666707	35.0167866	1/1/2014
230	Taiping 	493	0	168	2	0	620	0	0	0	4.851932	100.7416339	1/1/2014
231	Las Vegas 	471.25	0	67	137	40	721	0	0	0	36.1699412	-115.1398296	1/1/2014
232	Alor Setar 	464.7	0	65	46	55	1018	67	0	0	6.1248	100.3678178	1/1/2014
233	Lvov 	455.5	-32	164	1	172	162	0	0	0	49.839683	24.029717	1/1/2014
234	Vinniza 	432.25	-3	166	27	46	201	0	0	0	49.233083	28.468217	1/1/2014
235	Vladimir 	407.25	0	97	86	76	357	0	0	0	56.1445956	40.4178686	1/1/2014
236	Stellenbosch 	402.5	68	8	23	60	1334	0	0	0	-33.9321045	18.860152	1/1/2014
237	N-Tagil 	394.25	-78	67	146	115	227	0	0	0	57.9371145	59.9600363	1/1/2014
238	Mexico Youth To	390.75	-31	30	84	0	987	0	0	0	null	null	1/1/2014
239	Wiesbaden 	389.5	86	131	95	65	0	0	0	0	50.0782184	8.2397608	1/1/2014
240	Dar es Salaam 	356.5	-38	158	23	2	66	0	0	0	-6.7663054	39.1959729	1/1/2014
241	Sungei Petani 	342	0	166	10	0	0	0	0	0	5.643589	100.4894179	1/1/2014
242	Centro Studi Bh	332	-60	156	0	40	0	0	0	0	-23.3571189	-51.1397419	1/1/2014
243	Kurgan 	307	-64	84	0	28	500	0	0	0	55.4649113	65.3053512	1/1/2014
244	San Antonio 	303.75	-72	115	16	41	149	0	0	0	29.4241219	-98.4936282	1/1/2014
245	Joao Pessoa 	295	-87	13	91	35	638	10	0	0	-7.1194958	-34.8450118	1/1/2014
246	Paris 	291.75	0	90	10	108	191	0	0	0	48.856614	2.3522219	1/1/2014
247	Santos 	273.25	0	0	71	6	797	0	0	0	-23.9678823	-46.3288865	1/1/2014
248	Pattaya 	270	0	85	0	40	0	800	0	0	12.9276082	100.8770813	1/1/2014
249	Hamburg 	270	0	70	44	172	0	0	0	0	53.5510846	9.9936818	1/1/2014
250	New Vrindavan 	267.5	-88	52	35	92	330	0	0	0	39.9667283	-80.6067728	1/1/2014
251	New Gokula-Braz	257.75	22	9	4	81	781	0	0	0	null	null	1/1/2014
252	Goloka Dhama 	257	-48	52	76	154	0	0	0	0	20.7366812	86.2894149	1/1/2014
253	Abidjan 	227.5	0	72	40	84	6	0	0	0	5.3599517	-4.0082563	1/1/2014
254	Saranagati FarmWeb	226	0	0	42	181	230	360	0	0	null	null	1/1/2014
255	Lusaka 	217.65	0	56	34	36	211	9	0	0	-15.3875259	28.3228165	1/1/2014
256	Bahau 	216	0	108	0	0	0	0	0	6	2.809902	102.398351	1/1/2014
257	Malacca 	213.75	0	22	116	31	121	80	0	1	2.189594	102.2500868	1/1/2014
258	Sharjah 	168.75	0	75	0	0	75	0	0	0	25.3223269	55.5136433	1/1/2014
259	Chernigov 	168.25	0	61	17	7	103	0	0	0	51.4982	31.28935	1/1/2014
260	Managua 	164.5	0	0	8	53	520	0	0	0	12.1149926	-86.2361744	1/1/2014
261	Uruapan 	158.75	0	11	18	35	405	0	0	0	19.4064492	-102.0430476	1/1/2014
262	Ann Harbor 	153	-94	43	24	0	12	400	0	0	42.2808256	-83.7430378	1/1/2014
263	Belem 	151.5	0	3	0	10	562	0	0	0	-1.4557549	-48.4901799	1/1/2014
264	Chapel Hill 	146.75	0	5	85	0	207	0	0	0	35.9131996	-79.0558445	1/1/2014
265	Nikolaev 	134.25	-76	15	27	97	115	0	0	0	46.975033	31.994583	1/1/2014
266	Mafikeng 	132.75	16	1	20	48	347	0	0	0	-25.855978	25.64031	1/1/2014
267	Nibong Tebal 	120.5	-74	4	0	40	370	0	0	0	5.170128	100.4792231	1/1/2014
268	Split 	114.25	136	20	69	5	11	0	0	0	43.5081323	16.4401935	1/1/2014
269	Benin 	113	0	26	18	25	122	0	0	0	9.30769	2.315834	1/1/2014
270	Port Harcourt 	109.5	0	5	36	58	138	0	0	0	4.815554	7.0498442	1/1/2014
271	Terni 	108	-95	32	0	88	0	0	0	0	42.5636168	12.6426604	1/1/2014
272	Natal 	100.75	5	15	40	13	97	0	0	0	-5.7792569	-35.200916	1/1/2014
273	Hartford 	98	0	11	0	13	278	0	0	0	41.7637111	-72.6850932	1/1/2014
274	Ivano-Frankovsk	94.25	-69	7	0	0	321	0	0	0	48.922633	24.711117	1/1/2014
275	Karlovac 	93	-45	1	58	24	84	0	0	0	45.4928973	15.5552683	1/1/2014
276	Texarkana 	91.3	-7	39	0	1	26	63	0	0	33.425125	-94.0476882	1/1/2014
277	Penang 	90	0	38	14	0	0	0	0	1	5.414921	100.3297612	1/1/2014
278	Port Elizabeth	86.5	-45	0	61	24	54	0	0	0	-33.7139247	25.5207358	1/1/2014
279	Ternopol 	84.5	0	9	0	28	210	0	0	0	49.553517	25.594767	1/1/2014
280	Osijek 	75.5	-53	2	32	40	78	0	0	0	45.5549624	18.6955144	1/1/2014
281	Alchevsk 	69	-85	25	19	0	0	0	0	0	48.4713393	38.8134407	1/1/2014
282	Daruvar 	65.5	0	3	31	40	34	0	0	0	45.5930156	17.2238397	1/1/2014
283	Komsomolsk-on-A	59.25	0	15	11	21	31	0	0	0	50.4100443	136.9352372	1/1/2014
284	Fortaleza 	58.5	-78	7	13	11	104	0	0	0	-3.7318616	-38.5266704	1/1/2014
285	Arkadelphia 	57.9	-31	14	10	7	52	34	0	0	34.1209292	-93.0537839	1/1/2014
286	Brazil TSKP 	52.5	0	10	10	20	50	0	0	0	null	null	1/1/2014
287	Rijeka 	49.5	-87	0	12	50	50	0	0	0	45.3270631	14.442176	1/1/2014
288	Port Dickson 	46	0	23	0	0	0	0	0	0	2.52254	101.7962932	1/1/2014
289	Lisbon 	45.75	0	11	9	7	45	0	0	0	38.7222524	-9.1393366	1/1/2014
290	Leipzig 	45	-96	3	13	52	0	0	0	0	51.3396955	12.3730747	1/1/2014
291	Melaka 	44.05	-86	15	0	5	17	73	0	1	2.189594	102.2500868	1/1/2014
292	Uzgorod 	43.5	33	17	3	5	16	0	0	0	48.6208	22.287883	1/1/2014
293	Guarulhos 	43.25	-73	1	1	2	157	0	0	0	-23.4542498	-46.5337925	1/1/2014
294	Berezniki 	42	-72	21	0	0	0	0	0	0	59.4131827	56.7849318	1/1/2014
295	Kuantan 	39.5	-88	10	6	10	30	10	0	0	3.816667	103.333333	1/1/2014
296	Havana 	39.1	0	5	10	0	62	36	0	0	23.0540698	-82.345189	1/1/2014
297	Sungei Siput 	37	-73	0	0	4	140	0	0	0	4.819012	101.0737181	1/1/2014
298	Kluang 	36	0	18	0	0	0	0	0	1	2.030068	103.3184639	1/1/2014
299	Ouagadougou 	31.5	0	7	0	35	0	0	0	0	12.3649666	-1.5402327	1/1/2014
300	Balkhash 	28	0	14	0	0	0	0	0	0	46.8435126	74.9809805	1/1/2014
301	Pretoria 	14	-60	3	0	5	22	0	0	0	-25.7478676	28.2292712	1/1/2014
302	Bishkek 	8	0	4	0	0	0	0	0	0	42.8746212	74.5697617	1/1/2014
303	Pula 	7	-89	1	4	2	0	0	0	0	44.8666232	13.8495788	1/1/2014
304	Boston 	3	0	1	0	0	4	0	0	0	42.3600825	-71.0588801	1/1/2014
