1	New Delhi	1026729.85	0	439394	8671	48641	384109	189231	0	1170	28.6139391	77.2090212	1/1/2013
2	Mayapur 	652368.45	-16	253606	41382	68377	239749	96487	0	3591	23.4232013	88.388264	1/1/2013
3	Mumbai-Juhu 	648957.25	23	300349	8236	23227	113159	1200	0	1365	19.098821	72.8320717	1/1/2013
4	Mumbai-Chowpatty	405280.05	15	176288	9887	7809	144185	23780	257	482	18.9547494	72.8138818	1/1/2013
5	New Delhi-Punjabi Bagh	353950.5	-34	149041	6912	8421	122104	95688	2448	0	28.673751	77.1273376	1/1/2013
6	Moscow 	302728.75	32	111837	41181	47106	57283	0	0	0	55.755826	37.6173	1/1/2013
7	Vrindavan	274630	42	70129	78317	0	224220	0	0	558	27.5650088	77.6593394	1/1/2013
8	Pune 	267161.9	17	121125	5605	4380	46248	40310	781	168	18.5204303	73.8567437	1/1/2013
9	Tirupati 	231082.9	-17	82816	10357	7415	151164	81500	2866	0	13.6287557	79.4191795	1/1/2013
10	Ahmedabad	190251.5	-22	92516	0	2874	9110	4030	580	185	23.022505	72.5713621	1/1/2013
11	Los Angeles	171042.65	18	55760	29850	34854	42847	15339	0	27	34.0522342	-118.2436849	1/1/2013
12	Surat	132249	-4	48668	2621	1768	25126	60676	10031	284	21.1702401	72.8310607	1/1/2013
13	Krasnodar 	107843	0	18695	28712	62214	42536	0	0	0	45.0392674	38.987221	1/1/2013
14	Kansas City	93868.8	-14	36766	12854	6713	11504	12503	0	0	39.0997265	-94.5785667	1/1/2013
15	Salem 	90668.9	-20	40742	2845	1342	6424	12699	1470	518	42.51954	-70.8967155	1/1/2013
16	Mountain View	83442.25	29	40349	596	572	7373	190	0	350	37.3860517	-122.0838511	1/1/2013
17	Chandigarh	78470.75	-12	36070	3662	3048	4579	0	0	0	30.7333148	76.7794179	1/1/2013
18	St. Petersburg	67641.5	54	23801	10673	10761	15944	0	0	0	27.7518284	-82.6267345	1/1/2013
19	Kolkata	64113.85	-36	31203	505	860	2867	561	0	13	22.572646	88.363895	1/1/2013
20	Aldenham	60470	-8	19588	2890	33711	6194	0	0	45	51.6714272	-0.3527835	1/1/2013
21	VV Nagar 	59402.5	-45	2526	1617	880	8724	120270	20045	47	22.5512626	72.925386	1/1/2013
23	Jandelsbrunn	57039	999	24159	5122	7198	0	0	0	0	48.7316584	13.6908547	1/1/2013
24	Chennai	48549.2	0	19465	2685	3560	15662	10012	125	145	13.0826802	80.2707184	1/1/2013
25	Cueramaro 	43423	0	2791	7868	17599	84694	0	0	0	20.6258385	-101.6717765	1/1/2013
26	Sydney-North	40590.25	0	18068	1597	2838	5603	375	0	19	-33.8674869	151.2069902	1/1/2013
27	Nizhny Novgorod	40540.25	-28	16260	6486	2029	2079	0	0	0	56.2965039	43.9360589	1/1/2013
28	Madurai	39779.1	93	13776	112	100	37666	23104	178	0	9.9252007	78.1197754	1/1/2013
29	Habarovsk 	36983.65	46	10315	9086	8705	11533	319	0	0	48.5027313	135.0662599	1/1/2013
30	Coimbatore 	36446.25	17	14174	1816	937	13125	16738	373	0	11.0168445	76.9558321	1/1/2013
31	Kiev 	35737.75	-20	10562	3473	15051	14461	0	0	0	50.4501	30.5234	1/1/2013
32	Mexico City 	34595.5	-39	2638	3849	13353	75176	0	0	0	19.4326077	-99.133208	1/1/2013
33	Nairobi 	34430.45	29	6675	7260	2989	49051	632	0	25	-1.2920659	36.8219462	1/1/2013
34	Toronto	34165.25	-9	6951	3718	14230	35663	965	95	42	43.653226	-79.3831843	1/1/2013
35	Denver	34051.8	45	12355	3947	3123	14778	1388	0	52	39.7392358	-104.990251	1/1/2013
36	London-Soho	32189.5	-19	11056	1525	3755	26692	20	0	0	51.5136143	-0.1365486	1/1/2013
37	San Diego 	31330.5	7	5710	14810	7578	5246	0	0	0	32.715738	-117.1610838	1/1/2013
38	Minsk 	29310.25	74	7793	6395	8827	11663	0	0	0	53.9045398	27.5615244	1/1/2013
39	Perm 	27890	83	9426	2644	7379	10818	0	0	0	58.0296813	56.2667916	1/1/2013
40	Centro Gaura Nitai	27871	0	493	14360	8101	33898	0	0	0	null	null	1/1/2013
41	Kanyakumari 	25885.2	-1	11042	2812	254	1412	2869	117	24	8.0883064	77.5384507	1/1/2013
42	Bali 	25195.1	0	10263	685	2069	9714	5211	0	0	-8.4095178	115.188916	1/1/2013
43	Chicago	24254.85	52	7079	5405	3776	11017	496	0	0	41.8781136	-87.6297982	1/1/2013
44	Novosibirsk 	23932	137	7868	5427	3440	4196	0	0	0	55.0083526	82.9357327	1/1/2013
45	Washington D.C.	22815.25	20	5234	921	2771	32205	19851	1	46	38.9071923	-77.0368707	1/1/2013
46	Novorosiysk 	22625.5	113	7767	3081	3813	8416	0	0	0	44.7154014	37.7619669	1/1/2013
47	Kazan	22574	0	5614	4745	7309	11786	0	0	0	55.8304307	49.0660806	1/1/2013
48	Auckland 	22440.5	28	2825	12766	556	14222	1910	0	13	-36.8484597	174.7633315	1/1/2013
49	TBB TSKP 	21756.75	0	4124	8997	5527	6993	0	0	0	null	null	1/1/2013
50	"Phoenix,0.0,21680.75,0,2827,478,935,60279,115,0,33.4483771,-112.0740373,"												1/1/2013
51	Trivandrum 	20940.25	-24	8911	261	890	3829	3730	530	28	8.5241391	76.9366376	1/1/2013
52	Durban	20751.95	-4	5680	1950	2141	25433	132	0	28	-29.8586804	31.0218404	1/1/2013
53	Omsk	20510.5	127	4657	4205	5149	17668	0	0	0	54.9884804	73.3242362	1/1/2013
54	Santiago 	20007.25	0	1211	383	7779	53251	0	0	0	42.8782132	-8.5448445	1/1/2013
55	Somogyvamos	19487.3	131	4864	3190	9039	2690	13773	0	0	46.5692048	17.6838395	1/1/2013
56	Chittagong	19268	-4	5279	1244	2354	18080	7791	521	4	22.3475365	91.8123324	1/1/2013
57	Tirunelveli 	18835.95	65	6188	222	80	18609	13443	106	0	8.7139126	77.7566523	1/1/2013
58	Buenos Aires	18702.25	0	1809	1973	0	52445	0	0	0	-34.6036844	-58.3815591	1/1/2013
59	Baroda	18487.05	240	7301	0	1735	2085	6118	880	63	22.3071588	73.1812187	1/1/2013
60	Bhopal 	18450	0	7539	2718	527	1562	0	0	173	23.2599333	77.412615	1/1/2013
61	Laguna Beach	18106.55	25	7388	323	498	8351	6620	2	37	33.5422475	-117.7831104	1/1/2013
62	Chelyabinsk	17407.75	0	3566	3042	5804	17145	455	0	0	55.1644419	61.4368431	1/1/2013
63	Berlin 	16753.5	1	5511	2291	6881	0	0	0	0	52.5200066	13.404954	1/1/2013
64	Curitiba 	16548.25	0	1424	6544	4478	19653	40	0	0	-25.4289541	-49.267137	1/1/2013
65	Sochi	16266.75	107	4391	2756	5219	8477	0	0	0	43.6028079	39.7341543	1/1/2013
66	Almaty 	15788	-23	2452	3718	6441	15782	0	0	0	43.2220146	76.8512485	1/1/2013
67	Budapest	15291.3	247	4429	3078	3912	1582	10038	0	0	47.497912	19.040235	1/1/2013
68	Krasnoyarsk	14754	0	2700	3482	5007	13474	0	0	0	56.0152834	92.8932476	1/1/2013
69	Vicenza	13848.5	-33	5705	0	4869	2	35	0	0	45.5454787	11.5354214	1/1/2013
70	Dnepropetrovsk	13826.25	-68	5512	394	991	7651	0	0	0	48.464717	35.046183	1/1/2013
71	Atlanta 	13701.9	0	4184	3648	2738	624	1609	0	0	33.7489954	-84.3879824	1/1/2013
72	Melbourne	13419	-6	5966	545	698	2372	0	0	0	28.0836269	-80.6081089	1/1/2013
73	Brahmapur 	13239.25	0	4198	2923	1199	5163	300	0	0	19.3149618	84.7940911	1/1/2013
74	Philadelphia	13171.55	103	4735	349	275	11611	3123	0	18	39.9525839	-75.1652215	1/1/2013
75	Ekaterinburg	12802.5	12	2909	2978	3159	9708	0	0	0	56.8389261	60.6057025	1/1/2013
76	Kaunas 	12718.5	7	3486	1513	271	16392	0	0	0	54.8985207	23.9035965	1/1/2013
77	Rostov-na-Donu	12116.25	69	2577	3208	4533	5951	0	0	0	47.2357137	39.701505	1/1/2013
78	Kuala Lumpur 	11927	48	480	0	21934	0	0	0	24	3.139003	101.686855	1/1/2013
79	Barnaul 	11546	2	2631	3133	3878	4848	0	0	0	53.3547792	83.7697832	1/1/2013
80	Brisbane 	11353.75	390	4422	464	3680	713	275	0	15	-27.4710107	153.0234489	1/1/2013
81	Milan 	11330.3	-69	2761	0	11599	0	88	0	0	45.4654219	9.1859243	1/1/2013
82	Brno	11079	9	575	9769	159	322	0	0	0	49.1950602	16.6068371	1/1/2013
83	Alachua 	11051.2	-4	2505	307	3526	13092	6542	10	5	29.7938144	-82.4944226	1/1/2013
84	Vladivostok	10659.75	2	2553	2794	3178	4683	0	0	0	43.1737387	132.0064506	1/1/2013
85	New Talavan 	10398.75	13	4112	226	2811	2173	0	0	0	null	null	1/1/2013
86	Teresopolis	10062	0	417	1772	1553	26708	25	0	0	-22.4169605	-42.9756016	1/1/2013
87	Prague	9981.5	-19	788	5620	129	10298	1465	0	0	50.0755381	14.4378005	1/1/2013
88	New Vrajadham-B	9340.9	0	368	4458	2737	11112	4	0	0	null	null	1/1/2013
89	Odessa 	9199.25	-43	3898	65	699	3955	0	0	0	46.482526	30.7233095	1/1/2013
90	New Orleans 	9008.25	54	38	8	11209	13279	0	0	0	29.9510658	-90.0715323	1/1/2013
91	Yaroslavl	8807.75	0	2784	953	1694	5759	0	0	0	57.6260744	39.8844708	1/1/2013
92	Sofia 	8501	42	1651	2175	3274	5548	0	0	0	42.6977082	23.3218675	1/1/2013
93	Govindadvipa	8333	0	1254	204	10106	2272	0	0	0	null	null	1/1/2013
94	Irkutsk	8196.25	-23	1672	2183	2834	5009	0	0	0	52.2869741	104.3050183	1/1/2013
95	Dallas 	8050.8	149	2883	936	1322	2682	41	3	5	32.7766642	-96.7969879	1/1/2013
96	Wellington	7728.85	-11	1167	4230	421	3395	1056	0	16	-41.2864603	174.776236	1/1/2013
97	Florence	7498.3	-70	2122	0	6346	94	179	21	0	43.7695604	11.2558136	1/1/2013
98	Presov	7270.75	136	902	5146	0	1283	0	0	0	48.9979058	21.2396073	1/1/2013
99	Kharkov	6973.75	-34	1849	160	1854	8755	0	0	0	49.9935	36.230383	1/1/2013
100	Heidelberg	6955.5	-11	2540	385	2956	0	125	0	0	49.3987524	8.6724335	1/1/2013
101	Essentuki 	6854.75	-16	1483	1686	2783	3245	0	0	0	44.0455121	42.8575232	1/1/2013
102	Kursk 	6454.5	0	2089	1157	1330	1818	0	0	0	51.7091957	36.1562241	1/1/2013
103	Vilnius 	6356.25	-3	1972	669	305	6363	0	0	0	54.6871555	25.2796514	1/1/2013
104	"Hillsborough,0.0,6300.5,0,2426,225,650,3150,1110,0,36.0754183,-79.0997347,"												1/1/2013
105	Baltimore 	6178.2	0	2652	52	241	2112	1649	2	15	39.2903848	-76.6121893	1/1/2013
106	Monterrey 	6079.75	21	161	770	1977	15997	0	0	0	25.6866142	-100.3161126	1/1/2013
107	Sarajevo 	6032.25	45	2572	658	155	611	0	0	0	43.8562586	18.4130763	1/1/2013
108	Ivanovo 	5904	0	1586	778	2325	3166	0	0	0	57.0050671	40.9766453	1/1/2013
109	Donetsk 	5705.75	-50	1451	594	1687	5465	0	0	0	48.015883	37.80285	1/1/2013
110	Austin 	5656.75	0	2497	84	541	1223	25	0	1	30.267153	-97.7430608	1/1/2013
111	Rome 	5557.8	-63	1208	0	6283	0	3	0	0	41.9027835	12.4963655	1/1/2013
112	Mumbai-Kharghar	5506.6	-94	2332	394	306	1060	306	0	0	19.0473216	73.0699046	1/1/2013
113	Montevideo 	5489.75	69	33	0	15	21665	0	0	0	-34.9011127	-56.1645314	1/1/2013
114	Kishinev 	5313.5	-29	1089	1112	2113	3868	0	0	0	47.0104529	28.8638103	1/1/2013
115	Simferopol 	5286	-43	1947	349	886	2400	0	0	0	44.952117	34.102417	1/1/2013
116	Vellore 	5131	-45	1554	158	0	1730	5794	449	18	12.9165167	79.1324986	1/1/2013
117	Bhakti Sangam F	5019.75	29	2025	288	870	987	0	0	0	17.693211	74.036745	1/1/2013
118	Ufa 	4917.75	0	1222	736	1703	3545	0	0	0	54.7387621	55.9720554	1/1/2013
119	Franco da Rocha	4630.35	-57	156	1776	313	9541	6	0	0	-23.3233727	-46.7294577	1/1/2013
120	Kisumu 	4620.75	116	2101	179	77	805	0	0	2	-0.0917016	34.7679568	1/1/2013
121	Arusha 	4477.75	0	119	192	266	15659	0	0	0	-3.372301	36.6944136	1/1/2013
122	Bon Accueil 	4459.25	-1	1088	19	273	8511	0	0	0	47.6239247	-1.8319403	1/1/2013
123	Itajai 	4449.8	-11	305	625	564	11710	53	0	0	-26.9105964	-48.6709514	1/1/2013
124	Izevsk 	4442.35	19	1509	547	914	1617	161	0	0	56.8618601	53.2324285	1/1/2013
125	Gainesville 	4432	0	966	522	1824	4260	10	0	0	29.6516344	-82.3248262	1/1/2013
126	Miami 	4396.75	30	722	326	262	5423	11224	4	3	25.7616798	-80.1917902	1/1/2013
127	BTG/Krishna.com	4295	-37	0	0	0	0	5154	859	0	null	null	1/1/2013
128	Tyumen 	4233.75	55	1209	822	1651	673	0	0	0	57.1612975	65.5250172	1/1/2013
129	Perth 	4123	216	564	2034	588	2668	0	0	0	-31.9535132	115.8570471	1/1/2013
130	New Jersey-TowaWeb	4083.5	212	1918	0	190	504	265	0	0	40.0583238	-74.4056612	1/1/2013
131	Madrid 	4030.25	66	518	2853	7	551	0	0	0	40.4167754	-3.7037902	1/1/2013
132	Pandharpur 	3998.75	-97	1722	58	0	1987	0	0	0	17.6745535	75.3237262	1/1/2013
133	Ljubljana 	3935	-15	295	1013	2917	3494	0	0	0	46.0569465	14.5057515	1/1/2013
134	Tomsk 	3873.25	0	816	1091	1253	2095	0	0	0	56.5010397	84.9924506	1/1/2013
135	Guadalajara 	3871.75	0	167	220	2188	8895	0	0	0	20.6596988	-103.3496092	1/1/2013
136	Vancouver 	3846.9	-11	958	312	1876	1028	895	76	2	45.6387281	-122.6614861	1/1/2013
137	Nellore 	3813.25	-1	470	726	456	7677	0	0	0	14.4425987	79.986456	1/1/2013
138	Munich 	3787.5	96	1366	194	1723	0	0	0	0	48.1351253	11.5819806	1/1/2013
139	Columbus 	3626	0	1082	572	1187	1146	100	0	0	39.9611755	-82.9987942	1/1/2013
140	Gurabo 	3479.25	0	349	1767	1146	1765	0	0	2	18.2543987	-65.9729421	1/1/2013
141	Lenasia 	3413.55	10	767	178	674	5455	8	0	15	-26.3335179	27.8663075	1/1/2013
142	Accra 	3363	138	898	888	847	1022	0	0	0	5.6037168	-0.1869644	1/1/2013
143	Belo Horizonte Web	3167.85	-60	164	532	380	8471	1	0	0	-19.9052969	-43.9635593	1/1/2013
144	Berkeley 	3159.45	-41	613	351	1519	2713	1076	9	3	37.8715926	-122.272747	1/1/2013
145	Severodvinsk 	3095	0	788	832	822	1104	0	0	0	64.5661757	39.8505981	1/1/2013
146	Bhaktiloka 	2728.25	0	306	1758	0	1433	0	0	0	3.589085	98.680571	1/1/2013
147	New Govardhana	2578	0	798	234	846	1300	0	0	0	28.5490104	77.2515992	1/1/2013
148	Rovno 	2551.75	92	720	111	1262	1479	0	0	0	50.6199	26.251617	1/1/2013
149	New Jersey-Edis	2540.25	-86	1237	0	66	113	6	1	13	40.0583238	-74.4056612	1/1/2013
150	Rio de Janeiro	2452.5	146	136	365	236	6790	0	0	0	-22.9068467	-43.1728965	1/1/2013
151	Ann Harbor 	2433.8	0	745	208	38	1994	2183	0	3	42.2808256	-83.7430378	1/1/2013
152	Sarov 	2419.75	24	542	970	386	691	0	0	0	54.9342792	43.3252503	1/1/2013
153	Joao Pessoa 	2305.15	0	58	574	481	5425	184	0	0	-7.1194958	-34.8450118	1/1/2013
154	New Vrindavan 	2289	-68	703	269	904	648	0	0	4	39.9667283	-80.6067728	1/1/2013
155	Helsinki 	2283.2	-19	409	1394	58	18	377	0	0	60.1733244	24.9410248	1/1/2013
156	Sao Paulo 	2195.75	0	87	1118	194	3227	0	0	0	-23.5505199	-46.6333094	1/1/2013
157	Bogota 	2194.25	0	5	0	0	8737	0	0	0	4.7109886	-74.072092	1/1/2013
158	Porto Alegre 	2181.25	548	48	1083	22	3965	0	0	0	-30.0346471	-51.2176584	1/1/2013
159	Kinshasa 	2159	-20	672	240	140	820	3000	0	0	-4.4419311	15.2662931	1/1/2013
160	Houston 	2062.5	-30	792	233	147	680	20	0	6	29.7604267	-95.3698028	1/1/2013
161	Terni 	2054.5	-82	950	0	309	0	0	0	0	42.5636168	12.6426604	1/1/2013
162	Kirov 	1957	56	606	208	834	480	0	0	0	58.6035321	49.6667983	1/1/2013
163	Naperville 	1930.45	0	654	140	524	821	152	0	5	41.7508391	-88.1535352	1/1/2013
164	Manila 	1818.55	0	152	703	155	1107	4573	0	0	14.5995124	120.9842195	1/1/2013
165	Cologne	1779	0	621	219	636	0	0	0	0	50.937531	6.9602786	1/1/2013
166	N-Tagil 	1755	0	249	133	1145	2206	0	0	0	57.9371145	59.9600363	1/1/2013
167	Cintamani Dhama	1732	-77	484	619	200	180	0	0	3	null	null	1/1/2013
168	Magnitogorsk 	1712.75	108	461	456	387	565	0	0	0	53.4129429	59.0016233	1/1/2013
169	Blagovestensk 	1682.5	0	433	413	376	862	0	0	0	50.2727763	127.5404017	1/1/2013
170	Malaysia TSKP 	1661.5	-57	100	0	2923	0	0	0	5	4.210484	101.975766	1/1/2013
171	Krishna Culture	1623.55	-11	551	91	571	341	158	10	14	36.66325	-4.507273	1/1/2013
172	Batticaloa 	1532.25	-73	599	258	0	305	0	0	4	7.7309971	81.6747295	1/1/2013
173	Vologda 	1523.75	0	339	381	595	669	0	0	0	59.2180665	39.8978052	1/1/2013
174	Gaborone 	1518	0	430	280	230	904	370	0	0	-24.6282079	25.9231471	1/1/2013
175	Guyana BTG Team	1500	0	0	0	0	0	3600	600	0	null	null	1/1/2013
176	German Congrega	1495.5	-30	401	423	541	0	0	0	0	null	null	1/1/2013
177	Bologna 	1477	-59	531	0	830	0	0	0	0	44.494887	11.3426163	1/1/2013
178	Zurich 	1399	29	364	468	397	18	0	0	4	47.3686498	8.5391825	1/1/2013
179	Tiraspol 	1348	-14	368	50	468	1312	0	0	0	46.848185	29.596805	1/1/2013
180	Lagos 	1324	0	259	482	431	432	5	0	0	6.5243793	3.3792057	1/1/2013
181	Tucson 	1320.15	0	178	163	556	1899	484	0	0	32.2217429	-110.926479	1/1/2013
182	Peru TSKP 	1317.25	0	61	1	146	4485	0	0	0	null	null	1/1/2013
183	Malaysia BBT MO	1307.5	-86	180	0	1895	0	0	0	9	4.210484	101.975766	1/1/2013
184	Vorkuta 	1279	0	305	304	409	642	0	0	0	67.4968967	64.0602175	1/1/2013
185	Zelenogorsk 	1240.75	0	411	147	258	491	200	0	0	60.1967148	29.7006915	1/1/2013
186	Miraflores 	1144	0	21	0	127	4154	0	0	0	-12.111062	-77.0315913	1/1/2013
187	Seremban 	1143.5	21	20	0	2207	0	0	0	1	2.725889	101.9378239	1/1/2013
188	Cochabamba 	1122.25	0	40	12	53	4015	0	0	0	-17.4139766	-66.1653224	1/1/2013
189	Leipzig 	1115	-95	371	227	292	0	0	0	0	51.3396955	12.3730747	1/1/2013
190	Zagreb 	1069	132	69	183	980	1032	0	0	0	45.8150108	15.981919	1/1/2013
191	Kovrov 	1057.25	16	339	325	74	69	0	0	0	56.356769	41.3226311	1/1/2013
192	Herson 	1056	-90	432	40	129	350	0	0	0	46.635417	32.616867	1/1/2013
193	Oktyabrsky 	1038.8	0	376	157	175	154	38	0	0	54.4772015	53.4895394	1/1/2013
194	Bandar Putra 	1013.5	64	0	0	2027	0	0	0	0	1.650487	103.627669	1/1/2013
195	Hyderabad 	976.5	-95	276	58	90	886	1000	0	0	17.385044	78.486671	1/1/2013
196	Kurgan 	847	57	284	41	215	522	0	0	0	55.4649113	65.3053512	1/1/2013
197	Centro Studi Bh	836	-66	388	0	120	0	0	0	0	-23.3571189	-51.1397419	1/1/2013
198	New York Queens	828.75	-45	256	120	206	375	0	0	0	40.7282239	-73.7948516	1/1/2013
199	Blantyre 	785.5	-22	260	42	1	892	0	0	0	-15.7666707	35.0167866	1/1/2013
200	Phoenix	778.5	0	220	9	90	1138	0	0	4	33.4483771	-112.0740373	1/1/2013
201	Skudai 	746	-37	100	0	1092	0	0	0	5	1.537909	103.6622279	1/1/2013
202	Cape Town 	733	86	56	48	2	2288	0	0	0	-33.9248685	18.4240553	1/1/2013
203	Seminario Hare	700	0	0	0	0	2800	0	0	0	null	null	1/1/2013
204	East London	694.25	0	101	180	291	667	0	0	0	51.5073509	-0.1277583	1/1/2013
205	Gelugor 	674.5	0	40	0	1189	0	0	0	2	5.369118	100.3096991	1/1/2013
206	Lvov 	673.25	-53	215	10	267	399	0	0	0	49.839683	24.029717	1/1/2013
207	Klang 	672	123	0	0	1344	0	0	0	0	3.044917	101.4455621	1/1/2013
208	Pskov 	662.75	128	16	595	68	1	15	0	0	57.8166994	28.3344734	1/1/2013
209	Jeleznogorsk 	657.3	-75	110	185	220	510	148	0	0	52.3332892	35.3669551	1/1/2013
210	Copenhagen 	611.05	0	37	450	0	289	148	0	0	55.6760968	12.5683371	1/1/2013
211	Rybinsk 	609.25	0	147	216	32	333	0	0	0	58.057486	38.8116968	1/1/2013
212	Nova Vrajadhama	587.45	0	17	14	318	1521	2	0	0	null	null	1/1/2013
213	Dar es Salaam 	575.75	0	199	115	13	225	0	0	0	-6.7663054	39.1959729	1/1/2013
214	Cherepovets 	573.25	0	188	104	133	107	0	0	0	59.132333	37.9091811	1/1/2013
215	Mexico Youth To	563	0	160	41	94	620	0	0	0	null	null	1/1/2013
216	Nikolaev 	551.25	-32	215	14	117	195	0	0	0	46.975033	31.994583	1/1/2013
217	Lugansk 	511.25	-66	217	8	71	135	0	0	0	48.574041	39.307815	1/1/2013
218	Bukit-Mertajam	499	-68	100	0	598	0	0	0	5	5.365458	100.4590091	1/1/2013
219	Goloka Dhama 	495.5	-30	38	355	129	0	0	0	0	20.7366812	86.2894149	1/1/2013
220	Nibong Tebal 	472	735	0	0	944	0	0	0	0	5.170128	100.4792231	1/1/2013
221	Alchevsk 	470	-63	92	8	345	422	0	0	0	48.4713393	38.8134407	1/1/2013
222	Florianopolis 	455.65	94	23	92	159	947	14	0	0	-27.5953778	-48.5480499	1/1/2013
223	Vinniza 	445.5	-40	130	26	166	306	0	0	0	49.233083	28.468217	1/1/2013
224	Mombasa 	440.6	-55	139	35	10	470	51	0	2	-4.0434771	39.6682065	1/1/2013
225	Porto Velho-Ron	410.5	0	16	133	120	742	0	0	0	null	null	1/1/2013
226	Khmelnitsky 	408.25	12	129	18	248	33	0	0	0	49.422983	26.987133	1/1/2013
227	Lutsk 	407.25	-30	158	36	86	49	0	0	0	50.747233	25.325383	1/1/2013
228	Asuncion 	404.65	0	18	11	2	1423	9	0	0	-25.2637399	-57.575926	1/1/2013
229	Caruaru 	398.9	0	23	17	135	1072	4	0	0	-8.2849639	-35.9701874	1/1/2013
230	Lome 	390.25	0	14	99	510	33	0	0	0	6.1724969	1.2313618	1/1/2013
231	Rijeka 	383	999	33	10	210	808	0	0	0	45.3270631	14.442176	1/1/2013
232	Lubumbashi 	343	0	89	120	90	0	0	0	0	-11.6876026	27.5026174	1/1/2013
233	Hale Krishna Ha	333.5	0	65	121	99	106	65	0	0	null	null	1/1/2013
234	Kuantan 	330	296	0	0	660	0	0	0	0	3.816667	103.333333	1/1/2013
235	Melaka 	307.5	999	100	0	215	0	0	0	5	2.189594	102.2500868	1/1/2013
236	Ivano-Frankovsk	306	37	19	3	20	1020	0	0	0	48.922633	24.711117	1/1/2013
237	Santo Domingo 	276.75	0	42	29	5	645	0	0	0	18.4860575	-69.9312117	1/1/2013
238	Ubatuba 	272.5	0	40	80	0	450	0	0	0	-23.4336578	-45.0838481	1/1/2013
239	Fortaleza 	269	0	19	77	18	580	0	0	0	-3.7318616	-38.5266704	1/1/2013
240	Vladimir 	260.6	-36	91	35	14	142	11	0	0	56.1445956	40.4178686	1/1/2013
241	Lima 	259	-51	0	0	0	1036	0	0	0	-12.046374	-77.0427934	1/1/2013
242	Stellenbosch 	239	0	44	31	76	328	0	0	0	-33.9321045	18.860152	1/1/2013
243	Georgetown Nima	221.75	0	10	49	78	439	40	0	0	40.6215792	-73.9130382	1/1/2013
244	Johore 	220	999	0	0	440	0	0	0	0	1.4853682	103.7618154	1/1/2013
245	New Gokula-Braz	210.5	-62	7	0	2	782	0	0	0	null	null	1/1/2013
246	Wiesbaden 	209	0	37	94	82	0	0	0	0	50.0782184	8.2397608	1/1/2013
247	Ipoh 	196.5	-33	0	0	393	0	0	0	0	4.597479	101.090106	1/1/2013
248	Recife 	191.5	-84	13	2	0	654	0	0	0	-8.0578381	-34.8828969	1/1/2013
249	Mpumalanga 	183.25	-25	15	46	64	301	0	0	0	-29.8039699	30.6314948	1/1/2013
250	Pointe Noire 	180	0	80	0	40	0	0	0	0	-4.7691623	11.866362	1/1/2013
251	Centro Cul Nita	175.7	0	4	15	115	358	57	0	0	null	null	1/1/2013
252	Tulancingo 	175	-55	0	0	0	700	0	0	0	20.0904802	-98.3690922	1/1/2013
253	Karlovac 	170.5	-12	24	62	71	100	0	0	1	45.4928973	15.5552683	1/1/2013
254	Simpang Empat 	170.5	-48	20	0	261	0	0	0	1	6.02434	100.3832921	1/1/2013
255	Osijek 	162.25	-83	25	58	69	79	0	0	1	45.5549624	18.6955144	1/1/2013
256	Guarulhos 	159.75	0	12	1	6	527	0	0	0	-23.4542498	-46.5337925	1/1/2013
257	Berezniki 	152.25	-84	22	8	4	393	0	0	0	59.4131827	56.7849318	1/1/2013
258	"Hillsborough,0.0,152.0,0,51,50,0,0,0,0,36.0754183,-79.0997347,"												1/1/2013
259	Brazaville 	143.25	0	49	20	40	21	0	0	0	-4.2633597	15.2428853	1/1/2013
260	Minneapolis 	141.5	0	45	19	65	0	0	0	3	44.977753	-93.2650108	1/1/2013
261	New Navadvip Es	141.5	0	54	0	0	134	0	0	0	null	null	1/1/2013
262	Tegucigalpa 	140.5	0	2	5	1	520	10	0	0	14.0722751	-87.192136	1/1/2013
263	Sungei Siput 	139.5	66	0	0	279	0	0	0	0	4.819012	101.0737181	1/1/2013
264	Teluk Intan 	123	-54	0	0	246	0	0	0	0	4.022424	101.0206249	1/1/2013
265	San Salvador 	117.5	-54	10	0	12	350	40	0	0	13.6929403	-89.2181911	1/1/2013
266	Mafikeng 	114.25	-17	1	1	61	323	0	0	0	-25.855978	25.64031	1/1/2013
267	Taiping 	111	-38	0	0	222	0	0	0	0	4.851932	100.7416339	1/1/2013
268	Salvador 	108.35	0	18	1	0	267	46	0	0	13.794185	-88.89653	1/1/2013
269	Alor Setar 	107	-21	0	0	214	0	0	0	0	6.1248	100.3678178	1/1/2013
270	Kasai 	104	0	52	0	0	0	0	0	0	-7.2577043	19.6244324	1/1/2013
271	Chernigov 	103	-66	34	8	14	80	0	0	0	51.4982	31.28935	1/1/2013
272	Texarkana 	98.25	0	42	0	1	47	20	0	1	33.425125	-94.0476882	1/1/2013
273	Natal 	96	0	3	0	0	360	0	0	0	-5.7792569	-35.200916	1/1/2013
274	Seattle 	95.75	0	30	0	5	133	0	0	0	47.6062095	-122.3320708	1/1/2013
275	Arkadelphia 	84.4	0	19	8	31	90	4	0	0	34.1209292	-93.0537839	1/1/2013
276	Hamburg 	79	0	26	12	30	0	0	0	0	53.5510846	9.9936818	1/1/2013
277	Pula 	65.25	263	2	22	63	31	0	0	0	44.8666232	13.8495788	1/1/2013
278	Goiania 	63.75	0	1	1	0	243	0	0	0	-16.6868912	-49.2647943	1/1/2013
279	Port Elizabeth	54	-90	2	15	27	86	0	0	0	-33.7139247	25.5207358	1/1/2013
280	Gaura Vrndavana	53.5	-60	2	16	21	92	0	0	0	27.5759477	77.7008509	1/1/2013
281	Sungei Petani 	50	0	0	0	100	0	0	0	0	5.643589	100.4894179	1/1/2013
282	Split 	48.5	143	10	8	32	18	0	0	0	43.5081323	16.4401935	1/1/2013
283	Santa Fe 	40	0	5	5	11	78	0	0	0	35.6869752	-105.937799	1/1/2013
284	Chosica 	37.75	-97	3	0	0	127	0	0	0	-11.9244445	-76.6990172	1/1/2013
285	Cakovec 	37.5	0	0	18	30	18	0	0	0	46.3897383	16.4379653	1/1/2013
286	Pretoria 	35	-93	4	0	12	84	0	0	0	-25.7478676	28.2292712	1/1/2013
287	Uvira 	34	0	5	24	0	0	0	0	0	-3.3728836	29.1448793	1/1/2013
288	Uzgorod 	32.75	-81	14	0	6	7	0	0	0	48.6208	22.287883	1/1/2013
289	Kostroma 	28	0	1	10	11	42	0	0	0	57.7774816	40.9698928	1/1/2013
290	Tarapoto 	28	0	1	0	0	104	0	0	0	-6.4824784	-76.3726891	1/1/2013
291	Port Dickson 	28	0	0	0	56	0	0	0	0	2.52254	101.7962932	1/1/2013
292	Mar Del Plata 	25	0	0	0	0	100	0	0	0	-38.0054771	-57.5426106	1/1/2013
293	Bahau 	24.5	-72	0	0	49	0	0	0	0	2.809902	102.398351	1/1/2013
294	Abidjan 	23	0	0	20	6	0	0	0	0	5.3599517	-4.0082563	1/1/2013
295	New Godruma Dem	22.75	0	5	5	2	25	5	0	0	null	null	1/1/2013
296	Santos 	21.25	-79	0	5	0	65	0	0	0	-23.9678823	-46.3288865	1/1/2013
297	Centro Cul Acha	18	0	4	0	1	38	0	0	0	-21.0621213	-41.3652199	1/1/2013
298	Zadar 	18	0	7	0	8	0	0	0	0	44.119371	15.2313648	1/1/2013
299	Bukavu and Goma	14.25	0	0	0	0	57	0	0	0	-2.5123017	28.8480284	1/1/2013
300	Uberaba 	10.25	-7	4	0	0	9	0	0	0	-19.7473668	-47.939154	1/1/2013
301	Kuching 	10	0	0	0	20	0	0	0	0	1.56	110.345	1/1/2013
302	Kisangani 	8.75	0	0	0	0	35	0	0	0	0.5185303	25.2007728	1/1/2013
303	Brazil BBT 	6.5	0	3	0	0	2	0	0	0	null	null	1/1/2013
304	Lukut 	3	0	0	0	6	0	0	0	0	2.5851913	101.8350062	1/1/2013
305	Santa Tecia 	2.5	0	1	0	0	2	0	0	0	13.6757837	-89.2894733	1/1/2013
